inst/ascfiles/elevation.asc
ncols         111
nrows         121
xllcorner     696950
yllcorner     3154950
cellsize      100
NODATA_value  -9999
[rows 39 to 77 of 121, columns 0 to 86 of 111]
-9999 -9999 -9999 -9999 -9999 -9999 -9999 -9999 -9999 -9999 -9999 -9999 -9999 -9999 -9999 -9999 -9999 -9999 -9999 -9999 -9999 -9999 -9999 -9999 -9999 -9999 -9999 -9999 -9999 -9999 -9999 -9999 -9999 -9999 -9999 -9999 -9999 -9999 -9999 -9999 -9999 -9999 -9999 -9999 -9999 -9999 -9999 176 242 263 264 249 219 177 188 168 193 242 272 279 280 275 258 206 166 146 108 136 132 124 112 105 95 94 113 116 138 178 220 248 264 242 261 314 335 370 408
-9999 -9999 -9999 -9999 -9999 -9999 -9999 -9999 -9999 -9999 -9999 -9999 -9999 -9999 -9999 -9999 -9999 -9999 -9999 -9999 -9999 -9999 -9999 -9999 -9999 -9999 -9999 -9999 -9999 -9999 -9999 -9999 -9999 -9999 -9999 -9999 -9999 -9999 -9999 -9999 -9999 -9999 -9999 -9999 -9999 -9999 -9999 177 236 256 255 241 210 166 163 178 221 260 278 283 281 276 253 212 170 132 95 97 94 94 95 95 97 112 123 144 159 187 239 288 318 302 313 358 368 398 424
-9999 -9999 -9999 -9999 -9999 -9999 -9999 -9999 -9999 -9999 -9999 -9999 -9999 -9999 -9999 -9999 -9999 -9999 -9999 -9999 -9999 -9999 -9999 -9999 -9999 -9999 -9999 -9999 -9999 -9999 -9999 -9999 -9999 -9999 -9999 -9999 -9999 -9999 -9999 -9999 -9999 -9999 -9999 -9999 -9999 -9999 -9999 175 221 244 237 219 199 164 165 187 225 264 279 284 281 278 262 213 161 101 92 91 98 106 115 124 143 161 162 178 193 230 272 316 351 359 364 376 391 406 420
-9999 -9999 -9999 -9999 -9999 -9999 -9999 -9999 -9999 -9999 -9999 -9999 -9999 -9999 -9999 -9999 -9999 -9999 -9999 -9999 -9999 -9999 -9999 -9999 -9999 -9999 -9999 -9999 -9999 -9999 -9999 -9999 -9999 -9999 -9999 -9999 -9999 -9999 -9999 -9999 -9999 -9999 -9999 -9999 -9999 -9999 -9999 175 213 227 192 172 164 164 187 226 248 259 280 286 281 277 255 182 125 94 95 102 102 124 150 169 186 176 179 207 239 267 283 307 344 366 370 365 363 369 395
-9999 -9999 -9999 -9999 -9999 -9999 -9999 -9999 -9999 -9999 -9999 -9999 -9999 -9999 -9999 -9999 -9999 -9999 -9999 -9999 -9999 -9999 -9999 -9999 -9999 -9999 -9999 -9999 -9999 -9999 -9999 -9999 -9999 -9999 -9999 -9999 -9999 -9999 -9999 -9999 -9999 -9999 -9999 -9999 -9999 -9999 -9999 173 203 215 169 155 162 166 209 256 285 278 283 286 277 268 251 181 116 93 104 118 123 116 127 128 147 147 157 167 179 213 239 271 319 340 346 339 347 398 419
-9999 -9999 -9999 -9999 -9999 -9999 -9999 -9999 -9999 -9999 -9999 -9999 -9999 -9999 -9999 -9999 -9999 -9999 -9999 -9999 -9999 -9999 -9999 -9999 -9999 -9999 -9999 -9999 -9999 -9999 -9999 -9999 -9999 -9999 -9999 -9999 -9999 -9999 -9999 -9999 -9999 -9999 -9999 -9999 -9999 -9999 -9999 164 197 201 172 144 173 195 235 279 297 295 290 288 271 246 212 181 109 93 107 140 163 164 169 164 145 160 161 167 200 240 274 296 293 323 324 328 371 409 429
-9999 -9999 -9999 -9999 -9999 -9999 -9999 -9999 -9999 -9999 -9999 -9999 -9999 -9999 -9999 -9999 -9999 -9999 -9999 -9999 -9999 -9999 -9999 -9999 -9999 -9999 -9999 -9999 -9999 -9999 -9999 -9999 -9999 -9999 -9999 -9999 -9999 -9999 -9999 -9999 -9999 -9999 -9999 -9999 -9999 -9999 -9999 161 184 188 172 135 164 216 250 289 300 301 296 288 264 214 177 146 107 93 102 136 179 204 189 186 176 179 186 170 228 289 317 328 331 319 325 348 357 393 417
-9999 -9999 -9999 -9999 -9999 -9999 -9999 -9999 -9999 -9999 -9999 -9999 -9999 -9999 -9999 -9999 -9999 -9999 -9999 -9999 -9999 -9999 -9999 -9999 -9999 -9999 -9999 -9999 -9999 -9999 -9999 -9999 -9999 -9999 -9999 -9999 -9999 -9999 -9999 -9999 -9999 -9999 -9999 -9999 -9999 -9999 129 140 167 180 159 128 170 221 264 297 301 301 299 292 274 248 214 174 116 94 97 128 160 209 220 230 224 226 225 205 245 307 331 348 352 356 343 378 403 403 405
-9999 -9999 -9999 -9999 -9999 -9999 -9999 -9999 -9999 -9999 -9999 -9999 -9999 -9999 -9999 -9999 -9999 -9999 -9999 -9999 -9999 -9999 -9999 -9999 -9999 -9999 -9999 -9999 -9999 -9999 -9999 -9999 -9999 -9999 -9999 -9999 -9999 -9999 -9999 -9999 -9999 -9999 -9999 -9999 -9999 -9999 -9999 121 143 167 143 125 162 220 266 294 300 301 299 293 282 263 243 208 146 95 95 126 163 209 258 292 309 307 279 255 261 302 332 349 381 393 379 403 411 429 433
-9999 -9999 -9999 -9999 -9999 -9999 -9999 -9999 -9999 -9999 -9999 -9999 -9999 -9999 -9999 -9999 -9999 -9999 -9999 -9999 -9999 -9999 -9999 -9999 -9999 -9999 -9999 -9999 -9999 -9999 -9999 -9999 -9999 -9999 -9999 -9999 -9999 -9999 -9999 -9999 -9999 -9999 -9999 -9999 -9999 -9999 -9999 -9999 119 137 117 130 176 229 269 291 295 299 297 293 283 263 236 190 142 96 96 112 141 195 261 332 358 349 329 306 298 293 312 341 386 411 409 423 438 450 453
-9999 -9999 -9999 -9999 -9999 -9999 -9999 -9999 -9999 -9999 -9999 -9999 -9999 -9999 -9999 -9999 -9999 -9999 -9999 -9999 -9999 -9999 -9999 -9999 -9999 -9999 -9999 -9999 -9999 -9999 -9999 -9999 -9999 -9999 -9999 -9999 -9999 -9999 -9999 -9999 -9999 -9999 -9999 -9999 -9999 -9999 -9999 -9999 -9999 103 123 144 176 225 256 278 294 297 294 292 279 248 211 163 118 96 122 144 153 199 268 353 378 369 351 345 336 307 317 348 382 417 429 438 458 460 464
-9999 -9999 -9999 -9999 -9999 -9999 -9999 -9999 -9999 -9999 -9999 -9999 -9999 -9999 -9999 -9999 -9999 -9999 -9999 -9999 -9999 -9999 -9999 -9999 -9999 -9999 -9999 -9999 -9999 -9999 -9999 -9999 -9999 -9999 -9999 -9999 -9999 -9999 -9999 -9999 -9999 -9999 -9999 -9999 -9999 -9999 -9999 -9999 97 131 161 187 207 230 257 285 295 294 292 290 279 234 169 137 103 101 149 186 190 223 291 346 387 394 387 382 361 347 324 367 403 429 449 460 465 466 467
-9999 -9999 -9999 -9999 -9999 -9999 -9999 -9999 -9999 -9999 -9999 -9999 -9999 -9999 -9999 -9999 -9999 -9999 -9999 -9999 -9999 -9999 -9999 -9999 -9999 -9999 -9999 -9999 -9999 -9999 -9999 -9999 -9999 -9999 -9999 -9999 -9999 -9999 -9999 -9999 -9999 -9999 -9999 -9999 -9999 -9999 -9999 -9999 109 152 173 196 223 249 272 289 294 292 290 288 278 250 187 133 95 105 147 179 218 264 300 332 377 413 418 415 406 390 355 357 403 439 467 472 466 462 466
-9999 -9999 -9999 -9999 -9999 -9999 -9999 -9999 -9999 -9999 -9999 -9999 -9999 -9999 -9999 -9999 -9999 -9999 -9999 -9999 -9999 -9999 -9999 -9999 -9999 -9999 -9999 -9999 -9999 -9999 -9999 -9999 -9999 -9999 -9999 -9999 -9999 -9999 -9999 -9999 -9999 90 102 102 99 94 86 85 100 128 144 153 192 232 264 287 292 292 292 287 260 232 188 124 93 104 122 154 203 273 331 372 396 426 442 443 436 418 395 370 395 442 470 477 471 457 461
-9999 -9999 -9999 -9999 -9999 -9999 -9999 -9999 -9999 -9999 -9999 -9999 -9999 -9999 -9999 -9999 -9999 -9999 -9999 -9999 -9999 -9999 -9999 -9999 -9999 -9999 -9999 -9999 -9999 -9999 87 84 -9999 -9999 -9999 -9999 -9999 -9999 -9999 -9999 -9999 109 148 156 148 131 124 109 88 87 98 111 143 184 223 261 288 291 291 286 249 191 153 110 91 102 124 163 225 292 346 376 408 437 451 462 461 445 423 400 401 442 464 472 464 452 453
-9999 -9999 -9999 -9999 -9999 -9999 -9999 -9999 -9999 -9999 -9999 -9999 -9999 -9999 -9999 -9999 -9999 -9999 -9999 -9999 -9999 -9999 -9999 -9999 -9999 -9999 -9999 -9999 -9999 108 129 116 102 86 -9999 -9999 -9999 -9999 -9999 -9999 88 122 163 187 191 168 173 156 130 101 90 93 97 132 167 214 266 284 288 277 226 177 127 95 91 103 130 185 254 316 345 373 407 431 448 465 473 468 446 416 416 451 463 467 455 444 446
-9999 -9999 -9999 -9999 -9999 -9999 -9999 -9999 -9999 -9999 -9999 -9999 -9999 -9999 -9999 -9999 -9999 -9999 -9999 -9999 -9999 -9999 -9999 -9999 -9999 -9999 -9999 87 113 147 172 163 148 118 88 84 -9999 -9999 -9999 -9999 104 146 160 191 223 223 229 208 173 124 117 102 94 95 117 170 216 259 282 236 184 134 103 93 111 104 140 204 258 308 335 365 398 411 424 448 468 477 468 450 450 464 468 463 452 436 431
-9999 -9999 -9999 -9999 -9999 -9999 -9999 -9999 -9999 -9999 -9999 -9999 -9999 -9999 -9999 -9999 -9999 -9999 -9999 -9999 -9999 -9999 -9999 -9999 -9999 -9999 97 125 151 191 214 209 166 117 98 100 99 89 86 90 130 175 169 218 234 261 267 248 191 164 167 153 113 93 95 128 178 237 237 183 136 105 94 114 144 121 146 194 248 284 313 339 365 373 398 421 454 477 479 476 471 465 462 458 446 429 418
-9999 -9999 -9999 -9999 -9999 -9999 -9999 -9999 -9999 -9999 -9999 -9999 -9999 -9999 -9999 -9999 -9999 -9999 -9999 -9999 -9999 -9999 -9999 -9999 86 114 143 181 210 234 231 202 141 110 120 123 142 141 117 105 150 203 212 244 260 275 278 269 227 217 214 174 148 126 93 104 147 180 162 125 103 94 100 138 189 157 168 226 289 309 307 322 352 391 412 433 454 472 478 477 468 458 450 444 431 414 405
-9999 -9999 -9999 -9999 -9999 -9999 -9999 -9999 -9999 -9999 -9999 -9999 -9999 -9999 -9999 -9999 -9999 -9999 -9999 -9999 -9999 -9999 -9999 93 102 134 160 206 245 245 218 183 169 137 160 181 208 208 157 122 175 219 247 263 276 278 280 278 266 258 251 216 185 137 95 93 112 124 109 91 92 100 121 158 210 206 222 272 319 355 344 357 347 377 401 422 440 465 470 469 458 447 434 426 413 395 393
-9999 -9999 -9999 -9999 -9999 -9999 -9999 -9999 -9999 -9999 -9999 -9999 -9999 -9999 -9999 -9999 -9999 89 88 83 -9999 -9999 103 125 135 150 192 226 256 240 211 193 195 185 218 239 250 227 187 146 203 249 273 273 280 279 276 278 271 266 264 251 213 160 114 97 94 93 93 91 106 138 165 195 239 248 270 313 365 389 379 386 386 379 398 418 448 456 458 455 447 437 423 406 396 375 382
-9999 -9999 -9999 -9999 -9999 -9999 -9999 -9999 -9999 -9999 -9999 -9999 -9999 -9999 -9999 -9999 89 127 121 104 102 106 132 167 169 193 218 251 259 235 226 227 238 222 260 282 291 256 204 173 217 261 277 280 280 277 273 269 268 262 271 268 261 218 204 137 111 112 118 126 130 171 197 239 261 283 313 347 392 403 410 413 419 425 431 439 446 445 444 441 435 426 416 404 390 371 364
-9999 -9999 -9999 -9999 -9999 -9999 -9999 -9999 -9999 -9999 -9999 -9999 -9999 -9999 -9999 -9999 101 140 170 160 152 130 176 204 224 244 255 264 252 233 244 269 287 264 290 317 312 290 237 198 228 264 273 278 276 275 272 274 263 258 261 266 271 275 274 247 200 197 196 189 200 190 222 248 273 310 339 369 388 401 409 419 420 421 432 434 436 430 428 426 421 412 403 399 393 379 357
-9999 -9999 -9999 -9999 -9999 -9999 -9999 -9999 -9999 -9999 -9999 -9999 -9999 -9999 -9999 -9999 108 141 177 208 191 164 211 255 274 276 270 258 240 244 271 299 306 298 323 329 318 293 259 216 236 264 270 278 273 273 270 266 261 254 258 261 271 282 290 291 284 286 264 264 244 214 244 262 286 327 348 362 375 387 399 411 419 423 424 419 421 419 410 410 405 398 388 381 381 373 357
-9999 -9999 -9999 -9999 -9999 -9999 -9999 -9999 -9999 -9999 -9999 -9999 -9999 -9999 -9999 85 126 166 204 241 219 211 250 277 280 278 267 252 244 263 288 307 322 329 339 339 324 297 253 231 256 269 269 273 271 270 268 264 259 250 255 257 266 279 290 297 301 301 297 287 246 233 265 277 305 334 346 353 359 369 381 396 406 410 408 402 403 402 394 391 388 380 371 361 363 358 350
-9999 -9999 -9999 -9999 -9999 -9999 -9999 -9999 -9999 -9999 -9999 -9999 -9999 -9999 -9999 104 125 161 221 260 250 256 276 279 280 279 272 269 259 275 302 319 328 333 340 340 333 313 287 247 267 273 271 275 270 270 266 263 258 247 252 255 263 275 286 295 300 300 299 292 278 257 291 306 323 332 339 343 349 357 367 378 388 393 392 387 383 384 380 376 373 367 358 351 348 345 338
-9999 -9999 -9999 -9999 -9999 -9999 -9999 -9999 -9999 -9999 -9999 -9999 -9999 -9999 86 130 167 194 232 269 273 277 280 280 280 279 277 280 282 298 311 317 326 334 340 340 337 318 299 270 275 267 273 271 269 267 266 261 254 252 248 254 259 271 282 291 298 299 299 294 290 291 302 314 327 331 332 335 339 347 356 364 372 375 374 371 366 366 366 363 360 356 347 342 338 334 330
-9999 -9999 -9999 -9999 -9999 -9999 -9999 -9999 -9999 -9999 -9999 -9999 -9999 -9999 103 145 187 233 266 278 281 281 281 280 280 273 281 287 291 300 308 316 324 331 337 339 333 319 302 287 287 282 278 275 272 268 265 262 251 242 246 251 253 266 275 283 291 295 296 290 289 296 305 315 323 322 323 327 334 340 348 354 359 359 359 357 353 353 354 355 352 349 342 335 332 328 325
-9999 -9999 -9999 -9999 -9999 -9999 -9999 -9999 -9999 -9999 -9999 -9999 -9999 87 127 171 187 241 277 280 281 281 281 280 276 280 282 288 295 301 309 317 324 330 332 333 326 314 302 295 288 283 278 275 272 269 270 262 249 243 247 243 247 260 268 274 282 288 289 281 287 296 304 312 318 315 316 321 329 336 340 346 349 349 348 345 342 342 348 349 347 341 338 330 326 322 320
-9999 -9999 -9999 -9999 -9999 -9999 -9999 -9999 -9999 -9999 -9999 -9999 -9999 104 157 209 225 261 279 281 281 281 280 280 280 280 284 289 296 303 309 315 321 324 326 325 319 310 300 294 288 282 277 276 278 277 269 261 245 242 245 240 242 253 257 265 277 283 279 267 283 293 301 307 310 308 310 318 326 332 336 339 339 339 338 335 332 335 341 342 342 339 333 327 322 318 316
-9999 -9999 -9999 -9999 -9999 -9999 -9999 -9999 -9999 -9999 -9999 -9999 80 117 174 234 266 278 280 281 281 280 280 280 280 281 286 294 299 304 312 315 317 318 319 317 313 306 299 294 289 283 276 276 279 279 269 254 240 241 240 235 238 243 250 263 274 278 266 274 275 288 296 301 303 302 309 317 323 328 330 332 332 331 330 328 324 326 331 333 333 331 328 323 318 315 313
-9999 -9999 -9999 -9999 -9999 -9999 -9999 -9999 -9999 -9999 -9999 -9999 99 149 198 247 277 281 281 281 280 280 280 280 281 283 289 297 304 307 310 312 312 311 311 307 305 300 294 292 287 283 274 277 279 278 264 245 236 234 233 231 233 237 246 259 267 264 261 285 290 285 285 290 295 301 311 316 320 324 326 325 323 321 320 319 317 317 319 319 319 317 315 315 314 312 310
-9999 -9999 -9999 -9999 -9999 -9999 -9999 -9999 -9999 -9999 -9999 -9999 116 161 213 257 279 281 281 281 280 280 280 280 285 288 296 300 302 305 306 308 307 304 303 298 296 292 289 287 285 281 277 277 279 275 257 234 227 226 224 224 229 234 242 252 259 248 279 294 296 293 291 293 301 306 310 314 318 321 321 318 315 313 313 312 312 311 312 311 309 308 308 309 309 309 308
-9999 -9999 -9999 -9999 -9999 -9999 -9999 -9999 -9999 -9999 -9999 78 124 178 243 276 281 281 281 280 280 280 279 280 286 291 294 297 300 301 303 303 303 298 296 291 289 287 285 284 282 279 275 271 278 266 248 224 226 224 220 221 226 232 237 244 243 262 285 299 299 296 297 300 303 306 308 312 315 316 316 314 310 309 308 308 307 307 307 304 302 302 304 305 307 306 306
-9999 -9999 -9999 -9999 -9999 -9999 -9999 -9999 -9999 -9999 -9999 89 128 187 250 278 281 281 281 280 280 279 279 282 289 294 295 296 297 298 299 298 297 293 291 287 286 284 281 280 278 276 273 267 266 255 238 220 222 219 217 218 223 225 234 240 251 271 285 296 298 297 300 302 304 306 305 308 311 311 310 312 307 305 305 304 302 303 302 300 300 300 301 305 305 305 303
-9999 -9999 -9999 -9999 -9999 -9999 -9999 -9999 -9999 -9999 67 100 159 212 263 278 280 279 279 278 279 278 279 284 291 293 293 294 295 295 296 295 294 290 287 285 282 280 275 274 273 271 270 265 257 243 229 215 216 217 213 215 217 225 232 239 252 267 283 290 289 292 299 301 303 304 302 303 306 307 307 308 306 301 301 301 300 -9999 -9999 300 300 299 301 303 303 303 302
-9999 -9999 -9999 -9999 -9999 -9999 -9999 -9999 -9999 -9999 79 134 173 228 270 276 277 277 276 277 277 277 281 287 288 290 291 291 292 292 292 292 291 288 285 282 279 272 267 268 268 266 264 262 253 234 224 215 212 218 212 213 217 222 228 236 248 262 279 283 276 286 293 298 301 301 290 298 303 302 303 302 297 292 289 -9999 -9999 -9999 -9999 -9999 -9999 -9999 -9999 301 301 301 301
-9999 -9999 -9999 -9999 -9999 -9999 -9999 -9999 -9999 66 97 157 218 258 272 276 276 275 274 275 277 278 282 285 286 287 288 289 289 289 289 289 289 288 286 282 276 267 254 264 263 263 257 255 244 218 200 203 218 219 213 209 213 216 222 229 238 252 268 274 260 276 282 289 295 290 274 290 297 291 294 289 275 281 -9999 -9999 -9999 -9999 -9999 -9999 -9999 -9999 -9999 -9999 -9999 -9999 -9999
-9999 -9999 -9999 -9999 -9999 -9999 -9999 -9999 -9999 75 124 189 235 268 275 279 280 280 276 275 275 277 280 281 283 284 285 286 287 287 287 288 287 287 287 284 283 279 257 239 251 259 249 242 233 194 200 217 219 219 216 211 206 209 213 219 227 237 248 256 247 257 263 277 283 276 257 278 281 267 265 253 263 -9999 -9999 -9999 -9999 -9999 -9999 -9999 -9999 -9999 -9999 -9999 -9999 -9999 -9999
